731
53 42 100
53 42 100
51 41 100
52 41 100
52 41 100
53 47 100
55 48 100
52 41 100
55 48 100
52 41 100
55 48 100
53 41 100
56 49 100
50 41 100
56 49 100
51 40 100
58 49 100
51 40 100
59 50 100
51 40 100
59 50 100
50 41 100
59 50 100
50 39 100
59 50 100
50 39 100
59 50 100
50 39 100
45 53 100
54 40 100
45 53 100
60 50 100
50 39 100
44 53 100
54 39 100
61 51 100
44 53 100
53 39 100
61 51 100
43 52 100
53 39 100
62 51 100
43 53 100
54 39 100
43 54 100
62 51 100
49 39 100
41 55 100
62 46 100
41 57 100
53 38 100
63 50 100
40 57 100
54 38 100
63 52 100
38 58 100
55 38 100
37 57 100
63 36 100
37 57 100
63 36 100
36 57 100
63 36 100
36 58 100
66 54 100
64 36 100
35 58 100
65 35 100
35 59 100
35 29 100
64 35 100
35 60 100
67 32 100
35 61 100
66 31 100
35 61 100
66 30 100
34 60 100
34 28 100
68 54 100
34 28 100
68 55 100
32 63 100
67 30 100
31 63 100
67 30 100
30 63 100
68 30 100
29 64 100
68 29 100
33 27 100
69 58 100
29 65 100
69 28 100
29 66 100
70 27 100
28 66 100
71 27 100
28 68 100
71 27 100
27 68 100
72 27 100
27 69 100
71 26 100
27 70 100
72 26 100
27 70 100
72 26 100
26 71 100
73 26 100
26 71 100
72 25 100
24 76 100
73 25 100
23 76 100
73 25 100
23 77 100
73 25 100
22 76 100
31 23 100
72 24 100
23 77 100
72 24 100
22 76 100
73 24 100
23 77 100
75 62 100
21 77 100
70 23 100
32 21 100
22 78 100
74 28 100
21 78 100
75 28 100
20 76 100
70 23 100
76 66 100
34 18 100
21 79 100
77 65 100
34 18 100
19 79 100
74 23 100
19 79 100
74 28 100
19 79 100
69 22 100
77 66 100
27 17 100
18 79 100
77 66 100
26 16 100
18 80 100
76 22 100
26 15 100
77 65 100
17 79 100
26 15 100
77 65 100
17 80 100
75 28 100
26 14 100
78 65 100
17 81 100
26 14 100
78 64 100
16 81 100
76 18 100
15 10 100
77 67 100
17 82 100
15 10 100
77 35 100
16 83 100
69 23 100
13 10 100
78 67 100
15 83 100
89 87 100
36 17 100
13 9 100
78 35 100
15 84 100
90 87 100
12 9 100
78 17 100
15 84 100
91 88 100
12 9 100
78 36 100
14 83 100
93 93 100
67 22 100
12 8 100
95 94 100
14 84 100
79 17 100
94 95 100
12 83 100
12 8 100
68 23 100
95 95 100
17 81 100
79 15 100
11 7 100
95 95 100
14 86 100
65 29 100
95 95 100
8 6 100
79 14 100
15 80 100
96 95 100
9 5 100
76 39 100
12 84 100
96 95 100
79 13 100
11 82 100
8 5 100
96 96 100
65 29 100
18 81 100
97 95 100
8 5 100
80 13 100
14 86 100
97 95 100
65 29 100
8 4 100
15 79 84
97 95 84
81 13 84
7 4 84
11 83 84
64 28 84
97 95 84
7 4 84
82 13 84
22 78 84
97 96 84
75 38 84
6 4 84
13 86 84
97 96 84
83 11 84
6 4 84
20 75 84
65 29 84
97 96 84
11 84 70
7 3 70
84 11 70
97 96 70
10 86 70
61 33 70
7 3 70
23 77 70
96 97 70
84 10 70
3 1 70
61 33 70
8 87 70
97 96 70
6 3 70
75 38 70
21 74 70
85 9 70
96 97 70
3 1 70
8 87 70
62 46 70
97 96 70
85 9 70
25 79 70
2 1 70
68 52 70
96 97 70
87 9 70
20 75 70
7 3 70
55 39 70
8 88 70
97 96 70
2 1 70
87 8 70
68 52 70
25 79 70
96 97 70
42 17 70
7 88 70
3 0 70
90 6 70
68 54 70
98 94 70
54 38 70
20 74 70
3 0 70
89 5 70
96 97 70
7 88 70
69 53 70
8 4 70
91 4 70
37 17 70
27 81 70
98 94 70
69 53 70
92 4 70
6 94 70
2 0 70
94 98 70
52 38 70
20 74 70
92 4 70
2 0 70
69 53 70
98 94 70
36 18 70
6 92 70
92 4 70
95 98 70
69 54 70
27 81 70
2 0 70
36 18 70
92 4 70
6 93 70
99 94 70
69 54 54
0 0 70
21 75 54
53 37 54
93 4 54
35 17 54
98 95 54
70 53 54
6 94 54
2 0 54
92 3 54
27 81 54
94 98 54
36 18 54
69 54 54
19 73 54
93 3 54
1 1 54
98 95 54
5 93 54
53 37 54
35 18 54
1 1 54
70 53 54
92 3 54
94 98 54
27 81 54
6 94 54
37 19 54
1 1 54
70 53 54
89 6 54
99 94 54
20 73 54
41 16 54
1 0 54
62 46 37
93 3 37
5 94 37
94 99 54
77 61 37
27 81 37
87 7 37
62 46 37
37 20 37
5 94 37
1 0 37
19 72 37
77 62 37
99 94 37
53 37 37
93 3 37
28 82 37
40 16 37
6 95 37
1 0 37
79 44 37
43 63 37
90 88 37
86 9 37
95 98 37
77 62 37
55 39 37
19 73 37
34 18 37
9 5 37
4 93 37
93 2 37
42 63 37
29 83 37
0 1 37
79 63 37
41 16 37
99 93 37
54 38 37
7 96 37
96 1 37
79 44 37
43 64 37
95 98 37
84 12 37
18 72 37
9 5 37
37 20 37
70 54 37
3 91 37
52 36 37
30 84 37
91 88 37
97 1 37
11 7 37
42 63 37
34 18 37
79 63 37
83 11 37
1 0 37
6 95 37
55 39 37
95 98 37
20 72 37
41 15 37
71 55 37
98 1 37
30 84 37
3 92 37
90 88 36
43 63 37
8 5 37
53 37 37
80 43 37
82 11 37
33 17 37
0 1 37
99 93 37
19 72 37
79 63 37
6 95 37
97 0 37
43 64 24
60 32 24
42 14 24
31 85 24
93 99 24
51 35 24
85 13 24
28 12 24
94 99 24
72 56 24
40 60 24
3 92 24
18 72 24
86 70 24
8 5 24
61 45 24
97 0 24
31 85 24
64 28 24
36 20 24
80 43 24
91 87 24
44 65 24
82 12 24
27 11 24
7 96 24
2 0 24
18 72 24
80 64 24
51 35 24
33 87 24
43 14 24
94 99 24
98 1 24
66 50 24
12 7 24
64 28 24
85 13 24
40 60 24
80 43 24
86 70 24
7 96 24
90 88 24
17 71 24
48 32 24
72 56 24
30 84 24
46 68 24
0 2 24
36 20 24
98 1 24
82 10 24
81 34 24
3 92 24
99 93 24
60 45 24
27 11 24
85 69 24
64 28 24
19 71 24
11 7 24
43 14 24
40 60 24
32 86 24
72 56 24
97 0 24
94 99 24
49 40 24
85 32 24
8 97 24
82 10 24
2 0 24
46 68 24
32 58 24
85 69 24
74 21 24
91 87 24
38 21 24
29 83 24
16 70 24
80 43 24
3 92 24
27 11 24
52 36 24
68 55 24
98 0 24
90 18 24
99 94 24
9 4 24
64 28 24
47 68 24
81 66 24
87 35 24
35 88 24
31 59 24
48 42 24
13 68 24
43 14 24
9 98 24
66 50 24
82 10 24
1 1 24
90 88 24
98 0 24
31 25 24
65 26 24
81 42 24
2 90 24
26 10 24
21 73 24
45 69 24
85 69 24
33 87 24
93 99 24
48 32 24
32 58 24
91 18 24
66 57 24
6 7 24
71 23 24
44 16 24
59 45 24
1 0 24
98 1 24
81 65 24
13 68 24
87 34 24
82 9 24
2 91 24
47 68 24
21 4 24
29 83 24
31 25 24
90 88 24
34 56 24
99 94 24
48 32 24
81 42 24
72 56 24
8 97 24
73 24 24
43 14 24
59 45 24
1 0 24
92 20 24
25 44 24
35 88 23
18 72 24
86 70 24
96 0 24
26 10 24
44 70 24
82 10 24
31 59 24
9 98 24
65 26 24
99 94 24
31 25 24
9 61 24
77 62 24
24 76 24
48 42 24
87 35 24
21 3 24
4 9 24
0 1 24
97 0 24
45 16 24
34 88 24
47 68 24
24 45 24
66 57 24
88 72 23
2 90 24
81 42 24
38 55 24
81 9 24
95 99 24
50 35 24
71 23 24
92 21 24
13 67 24
61 48 24
29 24 24
91 87 24
43 13 24
0 1 24
22 3 24
28 80 24
0 0 24
98 1 24
48 69 24
25 44 24
75 60 24
65 27 24
41 50 24
2 90 23
90 26 24
85 69 24
81 9 24
80 43 24
93 99 24
11 63 24
50 35 24
31 59 24
35 87 19
30 25 24
62 47 24
24 8 24
24 76 24
8 98 21
45 16 24
47 76 24
0 0 24
98 1 24
99 93 24
71 23 24
88 73 24
93 20 24
24 44 23
81 42 18
9 98 24
9 61 17
41 50 24
73 57 24
81 9 24
34 88 15
48 33 24
12 8 24
21 73 24
30 25 24
87 35 21
43 14 23
48 69 24
60 45 23
31 59 21
1 90 21
99 0 17
65 26 23
36 88 16
90 88 21
0 0 24
22 3 23
8 58 15
85 69 16
63 60 23
94 99 22
24 43 24
93 20 24
13 68 19
28 80 22
81 42 15
81 8 17
50 35 17
9 98 18
42 51 18
81 66 20
99 0 15
31 26 23
46 10 16
44 70 27
6 14 19
85 32 23
1 89 20
8 58 18
65 25 18
69 54 18
32 60 20
17 35 18
35 88 18
99 94 20
21 4 23
88 72 17
16 70 17
59 45 17
0 0 24
42 13 18
97 0 17
81 8 17
77 62 16
51 36 16
70 22 19
25 78 20
24 44 16
